7.7,23.1,15.4,15.4
13,337,389,415,467,493,545,571,623,635,649,661,671,697,701,713,727,739,749,771,779,791,797,805,817,823,827,835,839,849,853,857,859,869,883,887,895,899,901,911,913,917,925,927,931,935,937,941,943,945,947,951,953,955,959,961,965,967,971,973,977,979,981,983,985,989,991,997
9.4,6.4,6.1,7.8,11.1,12.7,20.9,16.7,7.1,1.9
863,911,929,947,953,971,977,983
7.7,2.7,7.3,9.6,13.2,15.3,21.2,15.3,6.2,1.6
439,737,821,865,881,887,893,919,931,937,947,961,967,971,973,977,979,983,989,991,995,997
5.6,2.4,4.0,12.0,16.8,16.4,23.2,13.6,4.8,1.2
499,751,841,859,899,911,941,947,953,961,965,971,977,983,997
4.1,1.0,3.6,5.2,18.7,19.7,26.4,14.5,5.2,1.6
193,731,811,823,827,829,863,871,883,887,899,919,929,937,941,943,947,953,961,977,979,983,989,991,997
2.3,1.6,2.3,3.9,9.3,23.3,31.8,17.1,6.2,2.3
613,691,739,743,773,821,829,853,871,881,883,913,929,937,947,953,959,961,971,977,979,983,987,991,997
2.3,1.6,2.3,3.9,9.3,23.3,31.8,17.1,6.2,2.3
613,691,739,743,773,821,829,853,871,881,883,913,929,937,947,953,959,961,971,977,979,983,987,991,997
3.4,1.7,4.3,6.0,10.3,35.3,25.0,8.6,3.4
533,583,787,817,829,845,863,877,881,883,887,907,917,921,923,929,941,947,949,953,955,959,961,967,977,983,991,997
3.4,1.7,4.3,6.0,10.3,35.3,25.0,8.6,3.4
533,583,787,817,829,845,863,877,881,883,887,907,917,921,923,929,941,947,949,953,955,959,961,967,977,983,991,997
4.4,2.2,11.1,42.2,17.8,6.7
721,775,787,809,811,827,835,863,877,881,883,889,893,899,901,907,911,917,919,929,937,947,953,961,967,971,983,989,991,997
4.4,11.1,42.2,17.8,6.7
569,611,659,701,703,721,751,775,787,793,809,811,827,835,839,841,863,877,881,883,889,893,899,901,907,911,917,919,929,931,937,947,953,961,967,971,973,977,983,989,991,997
4.4,2.2,11.1,42.2,17.8,6.7
721,775,787,809,811,827,835,863,877,881,883,889,893,899,901,907,911,917,919,929,937,947,953,961,967,971,983,989,991,997
7.7,23.1,30.8
13,389,415,467,493,545,571,575,581,601,607,623,649,653,659,671,679,685,697,701,723,727,731,737,743,757,763,769,779,791,801,805,809,815,817,821,827,835,839,841,853,857,859,869,872,873,879,883,887,893,895,898,899,911,913,917,919,935,937,941,943,947,950,951,953,955,957,959,961,965,967,971,973,976,977,979,981,983,985,989,991,997,998
16.7,50.0

16.7,50.0

16.7,50

上は誤り


16.7,50.0
6,412,424,436,448,460,472,484,496,508,520,532,544,556,568,580,592,604,616,628,640,652,664,676,688,700,712,724,736,748,760,772,784,796,806,808,818,820,830,832,842,844,854,856,866,868,878,880,890,892,902,904,914,916,926,928,938,940,950,952,962,964,974,976,986,988,998,1000
7.7,23.1,15.4,15.4
13,142,155,181,183,194,196,209,222,246,248,271,297,313,323,324,337,350,363,376,379,389,402,413,415,428,431,439,441,452,454,456,457,467,478,479,480,482,483,491,493,495,506,519,532,545,558,571,584,597,610,623,635,636,649,661,662,671,675,684,687,688,697,701,713,714,723,727,736,739,740,745,749,753,762,765,766,771,779,788,791,792,797,801,805,814,817,818,823,827,831,835,839,843,844,848,849,853,857,859,865,866,869,870,872,874,875,879,883,885,887,892,895,896,898,899,901,909,911,913,917,918,921,922,924,925,926,927,928,931,935,937,941,942,943,944,945,947,948,950,951,952,953,954,955,957,959,961,963,965,967,968,971,973,974,976,977,979,981,983,985,987,989,991,993,995,996,997,998,999,1000
9.4,6.4,6.1,7.8,11.1,12.7,20.9,16.7,7.1,1.9
32,53,85,127,138,139,171,202,223,233,235,244,299,319,331,374,436,437,445,456,458,467,478,479,481,491,499,500,575,785,822,863,875,879,884,885,903,906,911,915,929,939,944,946,947,948,950,953,963,964,969,970,971,972,975,977,981,983,986,988,989,994,995,999
7.7,2.7,7.3,9.6,13.2,15.3,21.2,15.3,6.2,1.6
13,142,183,209,233,235,271,285,311,313,337,349,405,427,439,443,457,467,478,479,491,493,561,562,675,737,740,764,770,803,805,821,865,873,874,881,885,887,893,896,917,918,919,920,921,924,926,931,935,937,942,946,947,948,950,954,955,957,959,961,963,965,967,971,973,976,977,979,983,985,987,989,991,993,995,996,997,998,999,1000
5.6,2.4,4.0,12.0,16.8,16.4,23.2,13.6,4.8,1.2
18,71,89,107,124,125,143,160,161,177,179,197,232,233,303,305,323,425,446,449,461,463,467,478,481,482,484,499,501,751,819,825,833,840,841,859,880,889,891,899,905,910,911,914,917,925,931,933,935,939,940,941,943,944,947,949,950,951,952,953,961,965,971,974,976,977,978,981,982,983,984,986,987,988,993,995,997,999
4.1,1.0,3.6,5.2,18.7,19.7,26.4,14.5,5.2,1.6
49,73,74,97,122,123,145,169,172,193,197,218,221,241,243,269,271,293,411,417,439,458,461,466,467,487,491,614,675,689,731,802,806,808,811,812,823,827,829,863,871,883,887,897,898,899,910,919,921,923,925,927,929,935,937,940,941,943,946,947,953,955,956,959,961,973,977,979,981,983,987,988,989,990,991,993,994,995,996,997,998,999,1000
2.3,1.6,2.3,3.9,9.3,23.3,31.8,17.1,6.2,2.3
43,44,87,128,131,133,175,213,218,257,263,299,307,311,439,469,476,478,479,482,485,487,515,613,644,691,738,739,741,742,743,773,818,820,821,824,825,828,829,837,853,861,867,871,873,881,883,902,913,914,916,920,922,928,929,932,937,939,943,947,949,951,953,959,961,963,965,971,975,977,979,980,981,982,983,984,986,987,988,990,991,992,993,994,995,996,997,998,999,1000
2.3,1.6,2.3,3.9,9.3,23.3,31.8,17.1,6.2,2.3
43,44,87,128,131,133,175,213,218,257,263,299,307,311,439,469,476,478,479,482,485,487,515,613,644,691,738,739,741,742,743,773,818,820,821,824,825,828,829,837,853,861,867,871,873,881,883,902,913,914,916,920,922,928,929,932,937,939,943,947,949,951,953,959,961,963,965,971,975,977,979,980,981,982,983,984,986,987,988,990,991,992,993,994,995,996,997,998,999,1000
3.4,1.7,4.3,6.0,10.3,35.3,25.0,8.6,3.4
29,59,88,89,119,147,148,149,179,204,207,233,235,237,265,268,291,321,323,327,328,496,500,533,535,581,583,651,697,744,765,787,805,813,815,817,829,835,844,845,847,860,861,863,864,865,877,881,883,887,893,900,903,904,907,915,916,917,920,921,923,929,931,933,935,939,941,943,945,947,949,951,953,955,959,961,964,967,973,976,977,980,983,985,987,989,991,993,995,997,999
3.4,1.7,4.3,6.0,10.3,35.3,25.0,8.6,3.4
29,59,88,89,119,147,148,149,179,204,207,233,235,237,265,268,291,321,323,327,328,496,500,533,535,581,583,651,697,744,765,787,805,813,815,817,829,835,844,845,847,860,861,863,864,865,877,881,883,887,893,900,903,904,907,915,916,917,920,921,923,929,931,933,935,939,941,943,945,947,949,951,953,955,959,961,964,967,973,976,977,980,983,985,987,989,991,993,995,997,999
4.4,2.2,11.1,42.2,17.8,6.7
45,68,91,113,114,137,158,159,227,229,248,250,275,294,297,298,317,319,321,338,365,383,409,427,428,432,436,451,453,457,472,473,478,479,481,482,497,499,505,595,597,721,729,742,758,775,777,787,803,804,809,811,827,832,835,836,837,845,846,848,849,850,861,863,865,867,877,880,881,883,889,890,892,893,895,899,901,907,909,911,917,919,922,925,926,927,928,929,930,934,935,936,937,938,939,940,947,953,955,961,965,967,969,970,971,972,973,974,975,976,978,979,980,981,982,983,984,985,986,987,988,989,991,993,995,997,999
4.4,11.1,42.2,17.8,6.7
45,68,91,113,114,137,158,159,227,229,248,250,275,294,297,298,317,319,321,338,365,383,409,427,428,432,436,451,453,457,472,473,478,479,481,482,497,499,505,566,567,569,595,597,611,614,656,657,658,659,701,702,703,704,721,729,742,746,749,751,758,775,777,787,792,793,794,796,803,804,809,811,827,832,835,836,837,838,839,841,845,846,848,849,850,861,863,865,867,877,880,881,883,886,889,890,892,893,895,899,901,907,909,911,917,919,922,925,926,927,928,929,930,931,932,934,935,936,937,938,939,940,947,953,955,961,965,967,969,970,971,972,973,974,975,976,977,978,979,980,981,982,983,984,985,986,987,988,989,991,993,995,997,999
4.4,2.2,11.1,42.2,17.8,6.7
45,68,91,113,114,137,158,159,227,229,248,250,275,294,297,298,317,319,321,338,365,383,409,427,428,432,436,451,453,457,472,473,478,479,481,482,497,499,505,595,597,721,729,742,758,775,777,787,803,804,809,811,827,832,835,836,837,845,846,848,849,850,861,863,865,867,877,880,881,883,889,890,892,893,895,899,901,907,909,911,917,919,922,925,926,927,928,929,930,934,935,936,937,938,939,940,947,953,955,961,965,967,969,970,971,972,973,974,975,976,978,979,980,981,982,983,984,985,986,987,988,989,991,993,995,997,999
721,775,787,809,811,827,835,863,877,881,883,889,893,899,901,907,911,917,919,929,937,947,953,961,967,971,983,989,991,997
